$ 1 0.000005 10.20027730826997 50 5 43
w 144 16 256 16 0
r 480 64 480 144 0 500
r 400 48 400 272 0 10000
r 352 384 352 288 0 10000
162 480 144 480 208 2 default-led 1 0 0 0.01
g 416 384 416 448 0
R 144 48 96 48 0 0 40 5 0 0 0.5
R 144 16 96 16 0 0 40 12 0 0 0.5
f 400 272 464 272 32 1.5 0.02
w 256 16 464 16 0
w 464 64 464 16 0
w 464 256 464 208 0
w 464 288 464 384 0
w 464 384 416 384 0
w 400 384 400 304 0
w 352 384 400 384 0
w 400 384 416 384 0
t 352 288 400 288 0 1 -4.999999996999913 1.0000193736963932e-9 100
r 288 288 352 288 0 2200
s 128 288 288 288 0 1 false
w 144 48 400 48 0
R 128 288 96 288 0 0 40 3.3 0 0 0.5
w 464 64 480 64 0
w 480 208 464 208 0
b 448 48 521 221 0
b 48 224 267 344 0
x 531 139 680 142 4 24 12\sLED\sString
x 62 250 167 253 4 24 GPIO\spin\s
x 54 339 265 342 4 10 (MCU\soutput\sis\sinverted\sby\sthe\sBJT\stransistor)
o 1 64 0 4099 10 0.025 0 2 1 3
o 18 64 0 4099 0.0000762939453125 0.00009765625 1 2 18 3
